A5 5A 05 00 00 40 81 4D

00 00 40 81 AA 55 01 01 AB 6B AB 6B AB 54
00 00 0A A5 50 00 20 76 C6 D6 CC 05 70 00
00 00 0A A5 50 02 81 36 D4 17 C2 C6 30 00
00 00 00 00 00 00 00 00 00 00 00 00 00 00
00 00 00 00 00 00 00 00 00 00 00 00 00 00
00 00 00 00 00 00 00 00 09 00 90 00 05 409
00 00 01 C0 90 00 0E C0 80 00 0A 40 80 00
00 00 00 00 00 00 00 00 00 00 00 00 03 406
00 00 02 C0 60 00 05 C0 6A A5 50 02 8A 77C
EB 08 BF 28 A0 00 00 00 00 00 0F 80 60 00
E8 00 60 00 00 00 00 00 0B 40 60 00 0B 406
00 00 0A C0 60 00 0A 00 60 00 09 40 60 00
70 00 60 00 08 80 60 00 08 00 60 00 07 C06
00 00 00 00 00 00 00 00 05 80 64 40 60 00
80 00 60 00 00 00 03 D0 63 90 60 00 00 00
AA 05 50 02 34 58 C6 59 98 B6 30 00 08 C06
00 00 05 40 60 00 00 00 00 00 08 90 60 00
6C 00 60 00 0A 00 60 00 0A D0 6C D0 60 00
00 00 0A 00 60 00 0D C0 60 00 0D 40 60 00
00 00 70 00 03 90 75 D0 70 00 00 00 03 007
00 00 06 80 70 00 06 80 70 00 0A A5 50 028
1D 09 A4 BA 9A 44 4E 40 70 00 00 80 80 00
34 00 80 00 06 00 80 00 09 40 80 00 0C 408
00 00 00 00 90 00 03 C0 90 00 08 40 90 00
BC 00 96 00 95 00 90 00 00 00 00 00 0E 80B
20 00 C5 C0 C9 80 CD 40 C1 80 D5 80 DA 40D
F0 00 D4 00 E9 00 EE 80 E4 C0 FA C0 F1 410
84 01 0A A5 50 02 8B 1A 90 F0 54 0D 5F C10
78 01 10 00 04 41 22 81 21 41 2F C1 11 012
CC 01 1B C1 1A 81 19 41 18 81 19 C1 10 00
00 00 00 00 00 00 00 00 00 00 00 00 00 00
00 00 04 01 45 81 40 00 00 00 01 81 41 414
10 01 40 C1 40 81 40 81 40 C1 40 C1 41 014
10 01 41 C1 42 01 42 81 4A A5 50 02 87 305
CF 01 40 26 33 01 43 81 44 01 45 01 45 814
6C 01 46 81 47 C1 48 C1 49 81 4A C1 4B C14
C8 01 4E 81 4F 81 41 41 52 81 53 81 55 C15
74 01 59 01 5B 81 5D 81 50 00 00 00 03 418
4C 01 87 41 80 00 06 C1 98 81 9C 41 90 01A
00 00 00 00 00 00 00 00 00 00 00 00 00 00
AA 05 50 02 83 51 57 12 4A E6 80 00 00 00
00 00 00 00 00 00 0F 01 C6 01 DC 41 DA 81D
00 00 00 00 0D 42 75 42 89 82 8A 02 8B 428
C8 02 8E 82 8F C2 81 42 92 82 93 C2 96 829
84 02 9A 42 9C 42 9E 42 91 02 A3 02 A6 C2A
A0 02 AD 02 AE 42 AB 02 A6 C2 A2 C2 AE 429
A0 02 95 C2 93 42 9A A5 50 00 BD 72 4B F28
32 07 AE 02 89 42 87 42 84 42 81 42 8D 027
AC 02 78 42 76 02 73 42 70 C2 7A A5 50 101
53 02 95 32 94 37 2E 82 6A A5 50 02 8B 929
13 03 9A 84 6C 82 6B 02 6A 02 68 82 66 426
4C 02 63 C2 62 42 61 C2 61 02 6F 82 5F 825
E0 02 5E 02 5D C2 5D 42 5D 82 5D 42 5D C25
D8 02 5E 42 5E C2 5F 42 50 82 61 42 62 026
30 02 65 02 65 C2 67 82 68 C2 6A C2 6B C26
D8 02 60 42 72 42 75 C2 77 C2 70 42 80 00
AA 05 50 02 87 B3 9F D4 87 80 40 00 00 00
38 00 90 00 00 00 00 00 00 00 00 00 00 00
00 00 00 00 00 00 00 00 00 00 00 00 00 00
00 00 00 00 00 00 00 00 0C 00 90 00 02 009
00 00 0E 00 8C 80 8B 40 8A C0 8A 40 8A 008
A4 00 8A C0 8B 40 8C 40 8D 80 80 00 01 809
00 00 00 00 00 00 0A A5 50 02 86 34 9F B58
2A 04 9D 80 90 00 0D C0 90 00 0F 00 90 00
14 00 A0 00 06 00 A0 00 00 00 00 00 00 00
00 00 00 00 00 00 0C 80 C9 C0 CA 40 CB 40C
E8 00 C0 00 00 00 00 00 00 00 00 81 C0 00
F8 01 D0 00 0A 81 90 00 0F 42 0D 42 0B 420
00 00 0F 41 8D 81 8C 01 8B 41 8A 01 8A A55
00 02 85 95 9B D6 8C E6 D9 41 80 00 0C 81F
00 00 05 C1 7C 41 6D C1 60 00 00 00 05 020
4C 02 05 02 05 42 05 42 06 42 07 02 07 420
9C 02 00 00 00 00 00 00 00 00 00 00 00 00
00 00 00 00 00 00 00 00 00 00 00 00 00 00
00 00 00 00 00 00 00 00 00 00 00 00 00 00
00 00 02 81 1A A5 50 02 82 36 98 B7 8D 37E
B4 01 00 00 0B 00 B0 00 0B 80 BD C0 B3 00C
00 00 00 00 00 00 00 00 00 00 06 80 C4 C0C
10 00 CD 40 B9 C0 B0 00 03 40 B0 00 0D 40A
00 00 07 C0 A0 00 03 00 A0 00 0E 80 90 00
A8 00 90 00 06 C0 90 00 03 40 90 00 0F C08
00 00 07 D0 8C 80 80 00 00 00 0A A5 50 028
F1 07 85 18 84 B8 C0 00 00 00 05 40 60 00
3C 00 60 00 02 80 60 00 04 80 60 00 00 00
00 00 00 00 70 00 0E C0 60 00 0C 00 60 00
98 00 60 00 0B C0 60 00 0A C0 60 00 0A 406
00 00 09 80 60 00 09 80 60 00 08 C0 60 00
84 00 60 00 08 00 60 00 08 C0 60 00 00 00
4D 00 6A A5 50 02 8B 78 8F 19 77 D6 54 006
00 00 07 C0 60 00 00 00 00 00 00 00 04 906
6C 00 60 00 07 90 68 80 65 00 60 00 00 00
00 00 09 80 60 00 06 80 60 00 08 00 60 00
00 00 00 00 00 00 00 00 0A 00 60 00 0C 406
00 00 0C 40 60 00 0E C0 60 00 00 00 04 507
10 00 70 00 04 00 70 00 0A A5 50 02 85 798
BB 0A 70 E4 05 40 70 00 05 C0 70 00 0E 007
00 00 00 40 80 00 03 00 80 00 05 C0 80 00
8C 00 80 00 0C 40 80 00 0F C0 80 00 03 C09
00 00 07 C0 90 00 0A 80 90 00 05 40 90 00
00 00 00 00 0E 40 B1 C0 C5 80 C9 40 CD 00C
14 00 D5 80 DA 00 DF 00 D4 00 E9 40 EE C0E
AA 05 50 01 52 1A 8F FA FE C5 55 00 FB 00F
18 01 08 81 00 41 18 41 10 00 04 81 22 412
10 01 2F 81 1E 01 1C C1 1B 81 1A 41 19 411
84 01 1C C1 10 00 00 00 00 00 0A A5 50 028
93 0B 0D B0 B2 6C 70 00 00 00 00 00 05 414
48 01 44 41 43 C1 40 00 00 00 00 00 01 814
14 01 40 C1 40 C1 40 C1 40 81 40 C1 40 814
10 01 41 41 42 01 42 01 42 C1 43 41 43 C14
44 01 44 C1 45 41 47 01 47 01 48 01 48 C14
A0 01 4B 81 4C 01 4D 81 4E C1 40 41 51 815
2C 01 5A A5 50 01 14 10 C8 91 2E 25 84 C15
6C 01 58 41 5A C1 5C 81 5E 41 50 00 02 018
3C 01 85 01 80 00 05 C1 9A 01 9A C1 9E 419
5C 01 A0 00 0A A5 50 02 82 71 38 F2 23 A60
D8 01 90 00 00 00 00 00 00 00 00 00 00 00
00 00 00 00 00 00 00 00 03 01 DB C1 DA 81D
00 00 00 00 00 00 03 42 89 42 8A 42 8B 828
CC 02 8E 02 8F C2 80 C2 92 C2 93 C2 96 C29
78 02 9A 42 9C 42 9E 02 90 82 A3 42 A6 82A
94 02 AC 82 AE C2 AA C2 A6 82 AA A5 50 010
F5 02 2E 32 8A 04 D2 82 AD 82 99 82 95 C29
30 02 9D C2 89 02 87 02 84 02 80 42 8C 827
A4 02 77 C2 75 C2 72 C2 70 02 7A A5 50 101
5D 02 95 D2 94 F7 2E 42 6A A5 50 02 8C 329
31 03 9C C6 EC 42 6A 82 69 42 68 42 66 026
4C 02 63 42 62 42 60 C2 60 C2 6F C2 5E C25
E0 02 5D 02 5D 82 5D 42 5D 02 5D 82 5D 425
D4 02 5E C2 5F 02 5F 82 50 C2 61 42 63 426
30 02 65 02 66 42 68 42 69 82 6B 42 6D 026
E8 02 61 82 74 02 76 C2 79 82 70 00 00 00
AA 05 50 02 89 73 94 54 9C 00 40 00 02 C09
00 00 00 00 00 00 00 00 00 00 00 00 00 00
00 00 00 00 00 00 00 00 00 00 00 00 00 00
00 00 00 00 00 00 00 00 00 00 00 00 00 00
E8 00 80 00 0B 80 8B 00 8A 80 8A 40 8A 408
A8 00 8B 00 8C 00 8D 00 80 00 00 C0 90 00
00 00 00 00 0D 80 9A A5 50 02 8A D4 95 559
2E 05 1E 80 9E 00 90 00 0F 00 90 00 01 00A
00 00 05 00 A0 00 00 00 00 00 00 00 00 00
00 00 00 00 0D 00 CA 00 CA 40 CB 00 CE 00C
00 00 00 00 00 00 00 00 00 00 00 00 00 00
00 00 0A C1 90 00 0F 02 0D 02 0A 82 00 00
F4 01 8D 81 8C 41 8B 81 8A 41 89 01 8A A55
00 02 8B B5 94 16 9D 46 40 00 0D 01 F0 00
60 01 7C 41 6D 81 60 00 00 00 05 02 04 820
50 02 05 82 05 C2 06 42 07 42 07 82 0A 420
00 00 00 00 00 00 00 00 00 00 00 00 00 00
00 00 00 00 00 00 00 00 00 00 00 00 00 00
00 00 00 00 00 00 00 00 00 00 00 00 00 00
0C 01 1A 41 0A A5 50 02 8A 16 91 D7 9A 660
00 00 0B 00 B0 00 0C 00 B0 00 00 00 00 00
00 00 00 00 00 00 00 00 00 00 03 C0 CF C0B
C4 00 B8 80 B5 00 B2 40 B0 00 0C 40 A0 00
70 00 A0 00 02 40 A0 00 0D C0 90 00 09 C09
00 00 05 C0 90 00 02 80 90 00 0F 40 80 00
68 00 80 00 00 00 00 00 00 00 0A A5 50 028
85 07 9E 98 83 A8 C0 00 00 00 00 00 03 806
00 00 02 C0 60 00 05 C0 60 00 00 00 00 00
FC 00 60 00 0E 80 60 00 00 00 07 40 6B 406
00 00 0B 40 60 00 0A C0 60 00 0A 00 60 00
94 00 60 00 07 00 60 00 08 80 60 00 08 006
00 00 07 C0 60 00 00 00 00 00 00 00 00 00
48 00 6A A5 50 02 84 F8 99 79 8A 26 A0 00
80 00 60 00 00 00 03 D0 63 D0 60 00 00 00
00 00 09 40 60 00 05 80 60 00 00 00 00 00
9D 00 60 00 07 00 60 00 00 00 00 00 0B D06
00 00 08 C0 60 00 0A 40 60 00 00 00 00 00
E4 00 60 00 01 C0 73 50 73 50 72 C0 72 007
00 00 01 00 70 00 00 00 0A A5 50 02 8F D98
9B 0A 82 C4 50 00 00 00 00 00 0F 00 70 00
18 00 80 00 04 40 80 00 07 00 80 00 0A 408
00 00 0D 80 80 00 01 40 90 00 05 80 90 00
9C 00 90 00 06 80 90 00 05 80 90 00 00 00
00 00 01 80 C5 40 C9 00 CC C0 C1 40 D5 40D
A0 00 DE C0 D3 C0 E9 00 EE C0 E4 C0 FB 00F
AA 05 50 02 80 1A 98 90 43 EC 21 81 08 810
04 01 18 81 10 00 04 81 22 41 21 01 2F 811
E0 01 1C C1 1B 81 1A 41 19 01 18 41 1D C11
00 00 00 00 00 00 00 00 00 00 00 00 00 00
